000001
000002
000003
000004
000006
000007
000008
000009
000010
000011
000012
000014
000015
000016
000017
000019
000020
000021
000025
000026
000027
000028
000029
000030
000031
000032
000034
000035
000036
000037
000039
000042
000043
000044
000045
000048
000049
000050
000055
000056
000058
000059
000060
000061
000062
000063
000065
000066
000068
000069
000070
000078
000088
000089
000090
000096
000099
000100
000122
000151
000153
000155
000156
000157
000158
000159
000166
000300
000301
000333
000338
000400
000401
000402
000403
000404
000407
000408
000409
000410
000411
000415
000417
000419
000420
000421
000422
000423
000425
000426
000428
000429
000430
000488
000498
000501
000503
000504
000505
000506
000507
000509
000510
000513
000514
000516
000517
000518
000519
000520
000521
000523
000524
000525
000526
000528
000529
000530
000531
000532
000533
000534
000536
000537
000538
000539
000541
000543
000544
000545
000546
000547
000548
000550
000551
000552
000553
000554
000555
000557
000558
000559
000560
000561
000563
000564
000565
000566
000567
000568
000570
000571
000572
000573
000576
000581
000582
000586
000589
000590
000591
000592
000593
000595
000596
000597
000598
000599
000600
000601
000603
000605
000607
000608
000609
000610
000612
000615
000617
000619
000620
000623
000625
000626
000628
000629
000630
000631
000632
000633
000635
000636
000637
000638
000639
000650
000651
000652
000655
000656
000657
000659
000661
000663
000665
000668
000669
000670
000672
000676
000677
000678
000679
000680
000681
000682
000683
000685
000686
000687
000688
000689
000690
000691
000692
000695
000697
000698
000699
000700
000701
000702
000703
000705
000707
000708
000709
000710
000711
000712
000713
000715
000716
000717
000718
000719
000720
000721
000722
000723
000725
000726
000727
000728
000729
000731
000733
000735
000736
000737
000738
000739
000750
000751
000752
000753
000755
000756
000757
000758
000759
000761
000762
000766
000767
000768
000776
000777
000778
000779
000782
000783
000785
000786
000788
000789
000790
000791
000792
000793
000795
000796
000797
000798
000799
000800
000801
000802
000803
000807
000809
000810
000811
000812
000813
000815
000816
000818
000819
000820
000821
000822
000823
000825
000826
000828
000829
000830
000831
000833
000837
000838
000839
000847
000848
000850
000852
000856
000858
000859
000860
000862
000863
000868
000869
000875
000876
000877
000878
000880
000881
000882
000883
000885
000886
000887
000888
000889
000890
000892
000893
000895
000897
000898
000899
000900
000901
000902
000903
000905
000906
000908
000909
000910
000911
000912
000913
000915
000917
000919
000920
000921
000922
000923
000925
000926
000927
000928
000929
000930
000931
000932
000933
000935
000936
000937
000938
000948
000949
000950
000951
000952
000953
000955
000957
000958
000959
000960
000962
000963
000965
000966
000967
000968
000969
000970
000972
000973
000975
000977
000978
000980
000981
000983
000985
000986
000987
000988
000989
000990
000991
000992
000993
000995
000997
000998
000999
001201
001202
001203
001205
001206
001207
001208
001209
001210
001211
001212
001213
001215
001216
001217
001218
001219
001220
001221
001222
001223
001225
001226
001227
001228
001229
001230
001231
001233
001234
001236
001238
001239
001255
001256
001257
001258
001259
001260
001266
001267
001268
001269
001270
001277
001278
001279
001280
001282
001283
001285
001286
001287
001288
001289
001296
001298
001299
001300
001301
001306
001308
001309
001311
001312
001313
001314
001316
001317
001318
001319
001322
001323
001324
001325
001326
001328
001330
001331
001332
001333
001335
001336
001337
001338
001339
001356
001358
001359
001360
001366
001367
001368
001369
001373
001376
001378
001379
001380
001382
001386
001387
001388
001389
001390
001391
001395
001396
001400
001696
001872
001896
001914
001965
001979
002001
002003
002004
002005
002006
002007
002008
002009
002010
002011
002012
002014
002015
002016
002017
002019
002020
002021
002022
002023
002024
002025
002026
002027
002028
002029
002030
002031
002032
002033
002034
002035
002036
002037
002038
002039
002040
002041
002042
002043
002044
002045
002046
002047
002048
002049
002050
002051
002052
002053
002054
002055
002056
002057
002058
002059
002060
002061
002062
002063
002064
002065
002066
002067
002068
002069
002072
002073
002074
002075
002076
002077
002078
002079
002080
002081
002082
002083
002084
002085
002086
002088
002090
002091
002092
002093
002094
002095
002096
002097
002098
002099
002100
002101
002102
002103
002104
002105
002106
002107
002108
002109
002110
002111
002112
002114
002115
002116
002117
002119
002120
002121
002122
002123
002124
002125
002126
002127
002128
002129
002130
002131
002132
002133
002134
002135
002136
002137
002138
002139
002140
002141
002142
002144
002145
002146
002148
002149
002150
002151
002152
002153
002154
002155
002156
002157
002158
002159
002160
002161
002162
002163
002164
002165
002166
002167
002168
002169
002170
002171
002172
002173
002174
002175
002176
002177
002178
002179
002180
002181
002182
002183
002184
002185
002186
002187
002188
002189
002190
002191
002192
002193
002194
002195
002196
002197
002198
002199
002200
002201
002202
002203
002204
002205
002206
002207
002208
002209
002210
002211
002212
002213
002214
002215
002216
002217
002218
002219
002221
002222
002223
002224
002225
002226
002227
002228
002229
002230
002231
002232
002233
002234
002235
002236
002237
002238
002239
002240
002241
002242
002243
002244
002245
002246
002247
002248
002249
002250
002251
002252
002253
002254
002255
002256
002258
002259
002261
002262
002263
002264
002265
002266
002267
002268
002269
002270
002271
002272
002273
002274
002275
002276
002277
002278
002279
002281
002282
002283
002284
002285
002286
002287
002289
002290
002291
002292
002293
002294
002295
002296
002297
002298
002299
002300
002301
002302
002303
002304
002305
002306
002307
002309
002310
002311
002312
002313
002314
002315
002316
002317
002318
002319
002320
002321
002322
002323
002324
002326
002327
002328
002329
002330
002331
002332
002333
002334
002335
002337
002338
002339
002340
002342
002343
002344
002345
002346
002347
002348
002349
002350
002351
002352
002353
002354
002355
002356
002357
002358
002360
002361
002362
002363
002364
002365
002366
002367
002368
002369
002370
002371
002372
002373
002374
002375
002376
002377
002378
002379
002380
002381
002382
002383
002384
002385
002386
002387
002388
002389
002390
002391
002392
002393
002394
002395
002396
002397
002398
002399
002400
002401
002402
002403
002404
002405
002406
002407
002408
002409
002410
002412
002413
002414
002415
002416
002418
002419
002420
002421
002422
002423
002424
002425
002426
002427
002428
002429
002430
002431
002432
002434
002436
002437
002438
002439
002440
002441
002442
002443
002444
002445
002446
002448
002449
002451
002452
002453
002454
002455
002456
002457
002458
002459
002460
002461
002462
002463
002465
002466
002467
002468
002469
002470
002471
002472
002474
002475
002476
002478
002479
002480
002481
002482
002483
002484
002485
002486
002487
002488
002489
002490
002491
002492
002493
002494
002495
002496
002497
002498
002500
002501
002506
002507
002508
002510
002511
002512
002513
002514
002515
002516
002517
002518
002519
002520
002521
002522
002523
002524
002526
002527
002528
002529
002530
002531
002532
002533
002534
002535
002536
002537
002538
002539
002540
002541
002542
002543
002544
002545
002546
002547
002548
002549
002550
002551
002552
002553
002554
002555
002556
002557
002558
002559
002560
002561
002562
002563
002564
002565
002566
002567
002568
002569
002570
002571
002572
002573
002574
002575
002576
002577
002578
002579
002580
002581
002582
002583
002584
002585
002586
002587
002588
002589
002590
002591
002592
002593
002594
002595
002596
002597
002598
002599
002600
002601
002602
002603
002605
002606
002607
002608
002609
002611
002612
002613
002614
002615
002616
002617
002620
002622
002623
002624
002625
002626
002627
002628
002629
002630
002631
002632
002633
002634
002635
002636
002637
002638
002639
002640
002641
002642
002643
002644
002645
002646
002647
002648
002649
002650
002651
002652
002653
002654
002655
002656
002657
002658
002659
002660
002661
002662
002663
002664
002666
002667
002668
002669
002670
002671
002672
002673
002674
002675
002676
002677
002678
002679
002681
002682
002683
002685
002686
002687
002688
002689
002690
002691
002692
002693
002694
002695
002696
002697
002698
002700
002701
002702
002703
002705
002706
002707
002708
002709
002712
002713
002714
002715
002716
002717
002718
002719
002721
002722
002723
002724
002725
002726
002727
002728
002729
002730
002731
002732
002733
002734
002735
002736
002737
002738
002739
002741
002742
002743
002745
002746
002747
002748
002749
002752
002753
002755
002756
002757
002758
002759
002760
002761
002762
002763
002765
002766
002767
002768
002769
002771
002772
002773
002774
002775
002777
002778
002779
002780
002782
002783
002785
002786
002787
002788
002789
002790
002791
002792
002793
002795
002796
002797
002798
002799
002800
002801
002802
002803
002805
002806
002807
002808
002809
002810
002811
002812
002813
002815
002816
002817
002818
002819
002820
002821
002822
002823
002824
002825
002826
002827
002828
002829
002830
002831
002832
002833
002835
002836
002837
002838
002839
002840
002841
002842
002843
002845
002846
002847
002848
002849
002850
002851
002852
002853
002855
002856
002857
002858
002859
002860
002861
002862
002863
002864
002865
002866
002867
002868
002869
002870
002871
002872
002873
002875
002876
002877
002878
002879
002880
002881
002882
002883
002884
002885
002886
002887
002888
002889
002890
002891
002892
002893
002895
002896
002897
002898
002899
002900
002901
002902
002903
002905
002906
002907
002908
002909
002910
002911
002912
002913
002915
002916
002917
002918
002919
002920
002921
002922
002923
002925
002926
002927
002928
002929
002930
002931
002932
002933
002935
002936
002937
002938
002939
002940
002941
002942
002943
002945
002946
002947
002948
002949
002950
002951
002952
002953
002955
002956
002957
002958
002959
002960
002961
002962
002963
002965
002966
002967
002968
002969
002970
002971
002972
002973
002975
002976
002977
002978
002979
002980
002981
002982
002983
002984
002985
002986
002987
002988
002989
002990
002991
002992
002993
002995
002996
002997
002998
002999
003000
003001
003002
003003
003004
003005
003006
003007
003008
003009
003010
003011
003012
003013
003015
003016
003017
003018
003019
003020
003021
003022
003023
003025
003026
003027
003028
003029
003030
003031
003032
003033
003035
003036
003037
003038
003039
003040
003041
003042
003043
003816
110064
110067
110070
110073
110074
110075
110076
110077
110081
110084
110085
110086
110087
110089
110090
110092
110093
110094
110095
110096
110097
110098
110099
110100
111000
111001
111002
111003
111004
111005
111009
111010
111012
111013
111014
111015
111016
111017
111018
111019
111020
111021
111022
111023
111024
113030
113033
113037
113039
113042
113043
113045
113046
113048
113049
113051
113052
113053
113054
113056
113058
113059
113062
113066
113067
113069
113070
113563
113574
113575
113579
113584
113588
113589
113593
113597
113601
113605
113610
113615
113616
113618
113623
113624
113625
113627
113631
113632
113633
113634
113636
113638
113639
113640
113643
113644
113646
113647
113648
113649
113650
113651
113652
113653
113654
113655
113656
113657
113658
113659
113660
113661
113663
113665
113666
113667
113670
113671
113672
113673
113674
113676
113677
113678
113679
113680
113681
113682
113683
113686
113687
113688
113691
113692
113693
113694
113695
113696
113697
113698
113699
113700
113701
118000
118003
118004
118005
118006
118007
118008
118009
118010
118011
118012
118013
118015
118016
118018
118020
118021
118022
118024
118025
118027
118029
118030
118031
118032
118033
118034
118035
118036
118037
118038
118039
118040
118041
118042
118043
118044
118045
118048
118049
118050
118051
118052
118053
118054
118055
118056
118057
118058
118059
118060
118061
118062
118063
118064
118065
118066
118067
123039
123049
123054
123059
123061
123064
123065
123071
123072
123076
123080
123085
123088
123090
123091
123092
123104
123107
123108
123109
123112
123113
123114
123117
123118
123119
123121
123122
123124
123126
123128
123129
123131
123133
123138
123142
123144
123146
123149
123150
123151
123154
123155
123157
123158
123159
123160
123165
123168
123171
123172
123173
123175
123176
123177
123178
123179
123180
123182
123183
123185
123187
123188
123189
123192
123193
123194
123195
123196
123197
123198
123199
123203
123207
123209
123210
123211
123212
123213
123214
123215
123216
123220
123221
123222
123223
123224
123225
123229
123230
123233
123234
123235
123236
123237
123239
123240
123241
123242
123243
123245
123246
123247
123249
123250
123251
123252
123253
123254
123255
123256
123257
123258
123259
123260
123261
123262
123263
123264
123265
123266
123268
127015
127016
127017
127018
127019
127022
127024
127025
127026
127027
127028
127030
127031
127033
127034
127037
127038
127039
127040
127041
127042
127044
127045
127046
127047
127049
127050
127053
127054
127055
127056
127059
127060
127061
127062
127064
127066
127067
127068
127069
127070
127071
127072
127075
127076
127078
127079
127080
127081
127082
127083
127084
127085
127088
127089
127090
127092
127093
127094
127095
127096
127098
127099
127102
127103
127104
127105
127108
127109
127110
127111
127112
127113
128044
128097
128101
128108
128116
128119
128121
128124
128125
128127
128128
128129
128134
128135
128136
128137
128138
128141
128142
128144
131800
131801
131802
131803
131805
131806
131809
131810
131811
132024
132026
159001
159003
159005
159007
159008
159009
159013
159015
159017
159018
159019
159020
159022
159026
159100
159101
159102
159103
159105
159106
159107
159108
159109
159110
159111
159112
159113
159115
159116
159117
159118
159119
159120
159121
159122
159123
159125
159126
159127
159128
159129
159130
159131
159132
159133
159135
159136
159137
159138
159139
159140
159141
159142
159143
159145
159146
159147
159148
159149
159150
159151
159152
159153
159155
159156
159157
159158
159159
159160
159162
159163
159165
159166
159167
159168
159169
159170
159171
159172
159173
159175
159176
159177
159178
159179
159180
159181
159182
159183
159185
159186
159187
159188
159189
159190
159191
159192
159193
159195
159196
159197
159198
159199
159200
159201
159202
159203
159205
159206
159207
159208
159209
159210
159211
159212
159213
159215
159216
159217
159218
159219
159220
159221
159222
159223
159225
159226
159227
159228
159229
159230
159231
159232
159233
159235
159236
159237
159238
159239
159240
159241
159242
159243
159245
159246
159247
159248
159249
159251
159253
159255
159256
159257
159258
159259
159260
159261
159262
159263
159265
159266
159267
159268
159269
159270
159271
159272
159273
159275
159276
159277
159278
159279
159280
159281
159283
159285
159286
159287
159288
159289
159290
159291
159292
159293
159295
159296
159297
159298
159299
159300
159301
159302
159303
159305
159306
159307
159309
159310
159311
159312
159315
159316
159318
159320
159321
159322
159323
159325
159326
159327
159328
159329
159330
159331
159332
159333
159335
159336
159337
159338
159339
159350
159351
159352
159353
159355
159356
159357
159358
159359
159360
159361
159362
159363
159365
159366
159367
159368
159369
159370
159371
159372
159373
159375
159376
159377
159378
159379
159380
159381
159382
159383
159385
159386
159387
159388
159389
159390
159391
159392
159393
159395
159396
159397
159398
159399
159400
159500
159501
159502
159505
159506
159507
159508
159509
159510
159511
159512
159513
159515
159516
159517
159518
159519
159520
159521
159523
159525
159526
159527
159528
159529
159530
159531
159532
159533
159535
159536
159537
159538
159539
159540
159541
159542
159543
159545
159546
159547
159549
159550
159551
159552
159553
159555
159556
159557
159558
159559
159560
159561
159562
159563
159565
159566
159567
159568
159569
159570
159571
159572
159573
159575
159576
159577
159578
159581
159582
159583
159586
159587
159588
159589
159590
159591
159592
159593
159595
159596
159597
159599
159600
159601
159602
159603
159605
159606
159607
159608
159609
159610
159611
159612
159613
159615
159616
159617
159618
159619
159620
159621
159622
159623
159625
159627
159628
159629
159630
159631
159632
159633
159635
159636
159637
159638
159639
159640
159641
159642
159643
159645
159647
159649
159650
159651
159652
159653
159655
159656
159657
159658
159659
159660
159661
159662
159663
159665
159666
159667
159669
159670
159671
159672
159673
159675
159676
159677
159678
159679
159680
159681
159682
159685
159686
159687
159688
159689
159690
159691
159692
159695
159696
159697
159698
159699
159700
159701
159703
159706
159707
159708
159709
159711
159712
159713
159715
159716
159717
159718
159719
159720
159721
159723
159725
159726
159728
159729
159730
159731
159732
159735
159736
159738
159739
159740
159741
159742
159743
159745
159747
159748
159750
159751
159752
159755
159757
159758
159760
159761
159763
159766
159767
159768
159770
159773
159775
159776
159777
159778
159779
159780
159781
159782
159783
159786
159787
159788
159790
159791
159792
159793
159795
159796
159797
159798
159800
159801
159804
159805
159806
159807
159808
159810
159811
159812
159813
159814
159816
159819
159820
159821
159822
159824
159825
159827
159828
159830
159831
159834
159835
159836
159837
159838
159839
159840
159841
159842
159843
159845
159847
159848
159849
159850
159851
159852
159855
159856
159857
159858
159859
159861
159862
159863
159864
159865
159866
159867
159869
159870
159871
159872
159873
159875
159876
159877
159880
159881
159883
159885
159886
159887
159888
159889
159890
159891
159892
159895
159896
159898
159899
159901
159902
159903
159905
159906
159907
159908
159909
159910
159912
159913
159915
159916
159918
159919
159920
159922
159923
159925
159928
159929
159930
159931
159933
159934
159935
159936
159937
159938
159939
159940
159941
159943
159944
159945
159948
159949
159952
159954
159956
159957
159958
159959
159960
159961
159964
159965
159966
159967
159968
159969
159970
159971
159972
159973
159974
159975
159976
159977
159980
159981
159982
159985
159991
159992
159993
159994
159995
159996
159997
159998
160105
160106
160119
160125
160127
160128
160133
160135
160137
160140
160142
160143
160211
160212
160215
160216
160218
160219
160220
160221
160222
160223
160225
160311
160314
160322
160323
160324
160325
160326
160416
160418
160419
160420
160421
160425
160505
160512
160513
160515
160516
160517
160518
160526
160527
160529
160607
160610
160611
160613
160615
160616
160617
160618
160620
160621
160622
160624
160625
160626
160627
160628
160629
160630
160631
160632
160633
160634
160635
160636
160637
160638
160639
160641
160642
160643
160644
160646
160706
160716
160717
160719
160722
160723
160726
160727
160805
160806
160807
160812
160813
160910
160916
160918
160919
160921
160924
160925
160926
161005
161010
161014
161015
161017
161019
161022
161024
161025
161026
161027
161028
161029
161030
161031
161032
161033
161035
161036
161037
161038
161039
161040
161115
161116
161117
161118
161119
161121
161122
161123
161124
161125
161126
161127
161128
161129
161130
161131
161132
161133
161216
161217
161219
161222
161224
161225
161226
161227
161229
161232
161233
161505
161607
161610
161614
161626
161628
161631
161706
161713
161715
161716
161720
161721
161722
161723
161724
161725
161726
161727
161728
161729
161730
161810
161811
161812
161815
161816
161820
161831
161834
161837
161838
161903
161907
161908
161912
161914
162006
162105
162107
162108
162207
162215
162216
162307
162411
162412
162414
162415
162509
162511
162605
162607
162703
162711
162712
162714
162715
162719
162720
162721
163001
163003
163005
163109
163110
163111
163113
163114
163115
163116
163118
163208
163209
163302
163402
163406
163407
163409
163412
163415
163417
163418
163503
163801
163819
163821
163907
164105
164206
164208
164210
164212
164304
164401
164402
164403
164508
164509
164606
164701
164703
164705
164808
164810
164814
164818
164824
164826
164902
164905
164906
164908
165309
165311
165312
165313
165508
165509
165511
165512
165513
165515
165516
165517
165519
165520
165521
165522
165523
165524
165525
165526
165528
165530
165531
166001
166006
166008
166009
166011
166016
166023
166024
166025
166027
166105
166107
166109
166401
166802
167001
167002
167003
167301
167302
167501
167503
167505
167506
167508
167702
168002
168101
168102
168103
168104
168105
168203
168204
168301
168401
168701
169101
169104
169105
169106
169108
169201
180101
180102
180103
180105
180106
180201
180202
180203
180301
180302
180303
180305
180306
180401
180402
180501
180502
180503
180601
180602
180603
180605
180606
180607
180701
180801
180901
200011
200012
200016
200017
200019
200020
200025
200026
200028
200029
200030
200037
200045
200055
200056
200058
200429
200468
200488
200505
200512
200521
200530
200539
200541
200550
200553
200570
200581
200596
200625
200706
200725
200726
200761
200771
200869
200992
201872
204001
204002
204003
204004
204007
204014
204028
204091
204182
300001
300002
300003
300004
300005
300006
300007
300008
300009
300010
300011
300012
300013
300014
300015
300016
300017
300018
300019
300020
300021
300022
300024
300025
300026
300027
300029
300030
300031
300032
300033
300034
300035
300036
300037
300039
300040
300041
300042
300043
300044
300045
300046
300047
300048
300049
300050
300051
300052
300053
300054
300055
300056
300057
300058
300059
300061
300062
300063
300065
300066
300067
300068
300069
300070
300071
300072
300073
300074
300075
300076
300077
300078
300079
300080
300081
300082
300083
300084
300085
300086
300087
300088
300091
300092
300093
300094
300095
300096
300097
300098
300099
300100
300101
300102
300103
300105
300106
300107
300109
300110
300111
300112
300113
300115
300118
300119
300120
300121
300122
300123
300124
300125
300126
300127
300128
300129
300130
300131
300132
300133
300134
300135
300136
300137
300138
300139
300140
300141
300142
300143
300144
300145
300146
300147
300148
300149
300150
300151
300152
300153
300154
300155
300157
300158
300159
300160
300161
300162
300163
300164
300165
300166
300167
300168
300169
300170
300171
300172
300173
300174
300175
300176
300177
300179
300180
300181
300182
300183
300184
300185
300187
300188
300189
300190
300191
300192
300193
300194
300195
300196
300197
300198
300199
300200
300201
300203
300204
300205
300206
300207
300209
300210
300211
300212
300213
300214
300215
300217
300218
300219
300220
300221
300222
300223
300224
300225
300226
300227
300228
300229
300230
300231
300232
300233
300234
300235
300236
300237
300238
300239
300240
300241
300242
300243
300244
300245
300246
300247
300248
300249
300250
300251
300252
300253
300254
300255
300256
300257
300258
300259
300260
300261
300263
300264
300265
300266
300267
300268
300269
300270
300271
300272
300274
300275
300276
300277
300278
300279
300281
300283
300284
300285
300286
300287
300288
300289
300290
300291
300292
300293
300294
300295
300296
300298
300299
300300
300301
300302
300303
300304
300305
300306
300307
300308
300310
300311
300313
300314
300315
300316
300317
300318
300319
300320
300321
300322
300323
300324
300326
300327
300328
300329
300331
300332
300333
300334
300335
300337
300338
300339
300340
300341
300342
300343
300344
300345
300346
300347
300348
300349
300350
300351
300352
300353
300354
300355
300357
300358
300359
300360
300363
300364
300365
300366
300368
300369
300370
300371
300373
300374
300375
300376
300377
300378
300379
300380
300381
300382
300383
300384
300385
300386
300387
300388
300389
300390
300391
300393
300394
300395
300396
300397
300398
300399
300400
300401
300402
300403
300404
300405
300406
300407
300408
300409
300410
300411
300412
300413
300414
300415
300416
300417
300418
300419
300420
300421
300422
300423
300424
300425
300426
300427
300428
300429
300430
300432
300433
300434
300435
300436
300437
300438
300439
300440
300441
300442
300443
300444
300445
300446
300447
300448
300449
300450
300451
300452
300453
300454
300455
300456
300457
300458
300459
300460
300461
300462
300463
300464
300465
300466
300467
300468
300469
300470
300471
300472
300473
300474
300475
300476
300477
300478
300479
300480
300481
300482
300483
300484
300485
300486
300487
300488
300489
300490
300491
300492
300493
300494
300496
300497
300498
300499
300500
300501
300502
300503
300504
300505
300506
300507
300508
300509
300510
300511
300512
300513
300514
300515
300516
300517
300518
300519
300520
300521
300522
300523
300525
300527
300528
300529
300530
300531
300532
300533
300534
300535
300536
300537
300538
300539
300540
300541
300542
300543
300545
300546
300547
300548
300549
300550
300551
300552
300553
300554
300555
300556
300557
300558
300559
300560
300561
300562
300563
300564
300565
300566
300567
300568
300569
300570
300571
300572
300573
300575
300576
300577
300578
300579
300580
300581
300582
300583
300584
300585
300586
300587
300588
300589
300590
300591
300592
300593
300594
300595
300596
300597
300598
300599
300600
300601
300602
300603
300604
300605
300606
300607
300608
300609
300610
300611
300612
300613
300614
300615
300616
300617
300618
300619
300620
300621
300622
300623
300624
300625
300626
300627
300628
300629
300631
300632
300633
300634
300635
300636
300637
300638
300639
300640
300641
300642
300643
300644
300645
300647
300648
300649
300650
300651
300652
300653
300654
300655
300656
300657
300658
300659
300660
300661
300662
300663
300664
300665
300666
300667
300668
300669
300670
300671
300672
300673
300674
300675
300676
300677
300678
300679
300680
300681
300682
300683
300684
300685
300686
300687
300688
300689
300690
300691
300692
300693
300694
300695
300696
300697
300698
300699
300700
300701
300702
300703
300705
300706
300707
300708
300709
300710
300711
300712
300713
300715
300716
300717
300718
300719
300720
300721
300722
300723
300724
300725
300726
300727
300729
300730
300731
300732
300733
300735
300736
300737
300738
300739
300740
300741
300743
300745
300746
300747
300748
300749
300750
300751
300752
300753
300755
300756
300757
300758
300759
300760
300761
300762
300763
300765
300766
300767
300768
300769
300770
300771
300772
300773
300774
300775
300776
300777
300778
300779
300780
300781
300782
300783
300784
300785
300786
300787
300788
300789
300790
300791
300792
300793
300795
300796
300797
300798
300800
300801
300802
300803
300804
300805
300806
300807
300808
300809
300810
300811
300812
300813
300814
300815
300816
300817
300818
300819
300820
300821
300822
300823
300824
300825
300826
300827
300828
300829
300830
300831
300832
300833
300834
300835
300836
300837
300838
300839
300840
300841
300842
300843
300844
300845
300846
300847
300848
300849
300850
300851
300852
300853
300854
300855
300856
300857
300858
300859
300860
300861
300862
300863
300864
300865
300866
300867
300868
300869
300870
300871
300872
300873
300875
300876
300877
300878
300879
300880
300881
300882
300883
300884
300885
300886
300887
300888
300889
300890
300891
300892
300893
300894
300895
300896
300897
300898
300899
300900
300901
300902
300903
300904
300905
300906
300907
300908
300909
300910
300911
300912
300913
300915
300916
300917
300918
300919
300920
300921
300922
300923
300925
300926
300927
300928
300929
300930
300931
300932
300933
300935
300936
300937
300938
300939
300940
300941
300942
300943
300945
300946
300947
300948
300949
300950
300951
300952
300953
300955
300956
300957
300958
300959
300960
300961
300962
300963
300964
300965
300966
300967
300968
300969
300970
300971
300972
300973
300975
300976
300977
300978
300979
300980
300981
300982
300983
300984
300985
300986
300987
300988
300989
300990
300991
300992
300993
300994
300995
300996
300997
300998
300999
301000
301001
301002
301003
301004
301005
301006
301007
301008
301009
301010
301011
301012
301013
301015
301016
301017
301018
301019
301020
301021
301022
301023
301024
301025
301026
301027
301028
301029
301030
301031
301032
301033
301035
301036
301037
301038
301039
301040
301041
301042
301043
301045
301046
301047
301048
301049
301050
301051
301052
301053
301055
301056
301057
301058
301059
301060
301061
301062
301063
301065
301066
301067
301068
301069
301070
301071
301072
301073
301075
301076
301077
301078
301079
301080
301081
301082
301083
301085
301086
301087
301088
301089
301090
301091
301092
301093
301095
301096
301097
301098
301099
301100
301101
301102
301103
301105
301106
301107
301108
301109
301110
301111
301112
301113
301115
301116
301117
301118
301119
301120
301121
301122
301123
301125
301126
301127
301128
301129
301130
301131
301132
301133
301135
301136
301137
301138
301139
301141
301148
301149
301150
301151
301152
301153
301155
301156
301157
301158
301159
301160
301161
301162
301163
301165
301166
301167
301168
301169
301170
301171
301172
301173
301175
301176
301177
301178
301179
301180
301181
301182
301183
301185
301186
301187
301188
301189
301190
301191
301192
301193
301195
301196
301197
301198
301199
301200
301201
301202
301203
301205
301206
301207
301208
301209
301210
301211
301212
301213
301215
301216
301217
301218
301219
301220
301221
301222
301223
301225
301226
301227
301228
301229
301230
301231
301232
301233
301234
301235
301236
301237
301238
301239
301246
301248
301251
301252
301255
301256
301257
301258
301259
301260
301261
301262
301263
301265
301266
301267
301268
301269
301270
301272
301273
301275
301276
301277
301278
301279
301280
301281
301282
301283
301285
301286
301287
301288
301289
301290
301291
301292
301293
301295
301296
301297
301298
301299
301300
301301
301302
301303
301305
301306
301307
301308
301309
301310
301311
301312
301313
301314
301315
301316
301317
301318
301319
301320
301321
301322
301323
301325
301326
301327
301328
301329
301330
301331
301332
301333
301335
301336
301337
301338
301339
301345
301348
301349
301353
301355
301356
301357
301358
301359
301360
301361
301362
301363
301365
301366
301367
301368
301369
301370
301371
301372
301373
301376
301377
301378
301379
301380
301381
301382
301383
301386
301387
301388
301389
301390
301391
301392
301393
301395
301396
301397
301398
301399
301408
301413
301418
301419
301421
301428
301429
301439
301446
301448
301449
301456
301458
301459
301468
301469
301479
301486
301487
301488
301489
301491
301498
301499
301500
301501
301502
301503
301505
301507
301508
301509
301510
301511
301512
301513
301515
301516
301517
301518
301519
301520
301522
301525
301526
301528
301529
301533
301535
301536
301538
301539
301548
301550
301551
301552
301555
301556
301557
301558
301559
301560
301563
301565
301566
301567
301568
301571
301575
301577
301578
301580
301581
301584
301585
301586
301587
301588
301589
301590
301591
301592
301595
301596
301598
301599
301600
301601
301602
301603
301606
301607
301608
301609
301611
301613
301616
301617
301618
301622
301626
301628
301629
301630
301631
301632
301633
301636
301638
301656
301658
301662
301665
301666
301667
301668
301678
301680
301682
301683
301687
301696
302132
399001
399002
399003
399006
399012
399016
399018
399019
399020
399100
399102
399106
399107
399108
399262
399269
399275
399276
399286
399293
399295
399296
399300
399303
399306
399319
399320
399321
399322
399324
399328
399330
399346
399348
399354
399355
399356
399357
399359
399360
399361
399362
399363
399364
399365
399366
399370
399371
399372
399373
399374
399375
399376
399377
399391
399438
399550
399608
399612
399673
399678
399699
399750
399850
399852
399903
399905
399974
501001
501005
501007
501008
501009
501010
501011
501012
501015
501016
501017
501018
501019
501021
501022
501023
501025
501026
501028
501029
501030
501031
501032
501036
501037
501038
501043
501045
501046
501047
501048
501050
501051
501053
501057
501058
501059
501060
501061
501062
501064
501065
501070
501071
501073
501075
501076
501077
501078
501079
501080
501081
501082
501083
501085
501087
501088
501089
501090
501091
501092
501093
501095
501096
501097
501098
501099
501186
501188
501189
501200
501201
501202
501203
501205
501206
501207
501208
501209
501210
501211
501212
501213
501215
501216
501217
501218
501219
501220
501222
501225
501227
501300
501301
501302
501303
501305
501306
501307
501310
501311
501312
502000
502003
502006
502010
502013
502023
502048
502053
502056
506000
506001
506002
506003
506005
506006
506008
508000
508001
508002
508003
508005
508006
508007
508008
508009
508010
508011
508012
508015
508016
508017
508018
508019
508020
508021
508022
508026
508027
508028
508029
508031
508033
508036
508039
508048
508050
508055
508056
508058
508060
508066
508068
508069
508077
508078
508080
508082
508084
508085
508086
508087
508088
508089
508090
508091
508092
508096
508097
508098
508099
510010
510020
510030
510040
510050
510060
510090
510100
510130
510150
510160
510170
510180
510190
510200
510210
510230
510270
510290
510300
510310
510320
510330
510350
510360
510370
510380
510390
510410
510500
510510
510530
510550
510560
510570
510580
510590
510600
510630
510650
510660
510670
510680
510710
510720
510760
510770
510800
510810
510850
510880
510900
510950
510980
510990
511010
511020
511030
511060
511070
511090
511100
511110
511120
511130
511150
511160
511180
511190
511200
511220
511260
511270
511360
511380
511520
511580
511600
511620
511650
511660
511670
511690
511700
511770
511800
511810
511820
511830
511850
511860
511880
511900
511910
511920
511930
511950
511960
511970
511980
511990
512000
512010
512020
512030
512040
512050
512060
512070
512080
512090
512100
512120
512130
512150
512160
512170
512180
512190
512200
512220
512240
512250
512260
512290
512330
512360
512370
512380
512390
512400
512430
512450
512460
512480
512500
512510
512520
512530
512550
512560
512570
512580
512600
512620
512630
512640
512650
512660
512670
512680
512690
512700
512710
512720
512730
512750
512760
512770
512800
512810
512820
512870
512880
512890
512900
512910
512930
512940
512950
512960
512970
512980
512990
513000
513010
513020
513030
513040
513050
513060
513070
513080
513090
513100
513110
513120
513130
513140
513150
513160
513170
513180
513190
513200
513210
513220
513230
513240
513260
513280
513290
513300
513310
513320
513330
513350
513360
513380
513390
513400
513500
513520
513530
513550
513560
513580
513590
513600
513630
513650
513660
513690
513700
513720
513730
513750
513770
513780
513800
513810
513820
513830
513850
513860
513870
513880
513890
513900
513910
513920
513930
513950
513970
513980
513990
515000
515010
515020
515030
515050
515060
515070
515080
515090
515100
515110
515120
515130
515150
515160
515170
515180
515190
515200
515210
515220
515230
515250
515260
515290
515300
515310
515320
515330
515350
515360
515370
515380
515390
515400
515450
515460
515530
515550
515560
515580
515590
515600
515630
515640
515650
515660
515680
515700
515710
515720
515730
515750
515760
515770
515790
515800
515810
515850
515860
515880
515890
515900
515910
515920
515950
515960
515970
515980
515990
516000
516010
516020
516050
516060
516070
516080
516090
516100
516110
516120
516130
516150
516160
516180
516190
516200
516210
516220
516230
516250
516260
516270
516290
516300
516310
516320
516330
516350
516360
516370
516380
516390
516460
516500
516510
516520
516530
516550
516560
516570
516580
516590
516600
516610
516620
516630
516640
516650
516660
516670
516700
516710
516720
516730
516750
516760
516770
516780
516790
516800
516810
516820
516830
516850
516860
516880
516890
516900
516910
516920
516930
516950
516960
516970
516980
517000
517010
517030
517050
517080
517090
517100
517110
517120
517160
517170
517180
517200
517300
517330
517350
517360
517380
517390
517400
517520
517550
517660
517770
517800
517850
517880
517900
517950
517990
518600
518660
518680
518800
518850
518860
518880
518890
520500
520510
520520
520530
520550
520560
520570
520580
520590
520600
520610
520620
520630
520650
520660
520670
520680
520690
520700
520720
520760
520770
520780
520790
520810
520820
520830
520840
520850
520860
520870
520880
520890
520900
520910
520920
520930
520940
520950
520960
520970
520980
520990
530000
530050
530060
530080
530100
530180
530280
530300
530380
530530
530580
530680
530800
530880
551000
551030
551060
551300
551500
551510
551520
551550
551560
551580
551800
551900
560000
560010
560020
560030
560050
560060
560070
560080
560090
560100
560110
560120
560130
560150
560160
560170
560180
560190
560210
560220
560230
560260
560270
560280
560290
560300
560310
560330
560350
560360
560370
560380
560390
560400
560410
560450
560470
560500
560510
560520
560530
560550
560560
560570
560580
560590
560610
560620
560630
560650
560660
560680
560690
560700
560710
560750
560770
560780
560800
560810
560820
560850
560860
560880
560890
560900
560950
560980
560990
561000
561010
561060
561080
561090
561100
561120
561130
561160
561170
561180
561190
561200
561220
561230
561260
561280
561300
561310
561320
561330
561350
561360
561370
561380
561500
561510
561550
561560
561570
561580
561590
561600
561660
561680
561700
561750
561760
561770
561780
561790
561800
561870
561880
561900
561910
561920
561930
561950
561960
561980
561990
562000
562010
562030
562050
562060
562070
562080
562300
562310
562320
562330
562340
562350
562360
562380
562390
562500
562510
562520
562530
562550
562560
562570
562580
562590
562600
562660
562700
562800
562810
562820
562850
562860
562870
562880
562890
562900
562910
562920
562930
562950
562960
562970
562990
563000
563010
563020
563030
563050
563060
563080
563090
563150
563180
563200
563210
563220
563230
563280
563300
563320
563330
563350
563360
563380
563390
563500
563510
563520
563530
563550
563560
563570
563580
563590
563600
563620
563630
563650
563660
563670
563680
563690
563700
563750
563760
563770
563780
563790
563800
563830
563850
563860
563870
563880
563890
563900
563930
563960
563980
563990
588000
588010
588020
588030
588040
588050
588060
588070
588080
588090
588100
588110
588120
588130
588140
588150
588160
588170
588180
588190
588200
588210
588220
588230
588240
588250
588260
588270
588280
588290
588300
588310
588320
588330
588350
588360
588370
588380
588390
588400
588410
588420
588430
588450
588460
588500
588520
588550
588660
588670
588680
588690
588700
588710
588720
588730
588750
588760
588770
588780
588790
588800
588810
588820
588830
588840
588850
588860
588870
588880
588890
588900
588910
588920
588930
588940
588950
588960
588980
588990
589000
589010
589020
589030
589050
589060
589070
589080
589090
589100
589110
589120
589130
589150
589160
589170
589180
589190
589200
589210
589220
589230
589250
589260
589270
589300
589380
589500
589520
589550
589560
589580
589600
589630
589660
589680
589700
589720
589770
589780
589800
589820
589850
589860
589880
589890
589900
589950
589960
589980
589990
600000
600004
600006
600007
600008
600009
600010
600011
600012
600015
600016
600017
600018
600019
600020
600021
600022
600023
600025
600026
600027
600028
600029
600030
600031
600032
600033
600035
600036
600037
600038
600039
600048
600050
600051
600052
600053
600054
600055
600056
600057
600058
600059
600060
600061
600062
600063
600064
600066
600067
600071
600072
600073
600075
600076
600078
600079
600080
600081
600082
600084
600085
600088
600089
600094
600095
600096
600097
600098
600099
600100
600101
600103
600104
600105
600106
600107
600108
600109
600110
600111
600113
600114
600115
600116
600117
600118
600119
600120
600121
600123
600125
600126
600127
600128
600129
600130
600131
600132
600133
600135
600136
600137
600138
600141
600143
600148
600149
600150
600151
600152
600153
600155
600156
600157
600158
600159
600160
600161
600162
600163
600165
600166
600167
600168
600169
600170
600171
600172
600173
600176
600177
600178
600179
600180
600182
600183
600184
600185
600186
600187
600188
600189
600191
600192
600193
600195
600196
600197
600198
600199
600200
600201
600202
600203
600206
600207
600208
600210
600211
600212
600215
600216
600217
600218
600219
600221
600222
600223
600226
600227
600228
600229
600230
600231
600232
600233
600234
600235
600236
600237
600238
600239
600241
600243
600246
600248
600249
600250
600251
600252
600255
600256
600257
600258
600259
600261
600262
600265
600266
600267
600268
600269
600271
600272
600273
600276
600278
600279
600280
600281
600282
600283
600284
600285
600287
600288
600289
600292
600293
600295
600298
600299
600300
600301
600302
600303
600305
600307
600308
600309
600310
600312
600313
600315
600316
600318
600319
600320
600322
600323
600325
600326
600327
600328
600329
600330
600331
600332
600333
600335
600336
600337
600338
600339
600340
600343
600345
600346
600348
600350
600351
600352
600353
600354
600355
600356
600358
600359
600360
600361
600362
600363
600365
600366
600367
600368
600369
600370
600371
600372
600373
600375
600376
600377
600378
600379
600380
600381
600382
600383
600386
600388
600389
600390
600391
600392
600395
600396
600397
600398
600399
600400
600403
600405
600406
600408
600409
600410
600415
600416
600418
600419
600420
600421
600422
600423
600425
600426
600428
600429
600433
600435
600436
600438
600439
600444
600446
600448
600449
600452
600455
600456
600458
600459
600460
600461
600463
600467
600468
600469
600470
600475
600476
600477
600478
600479
600480
600481
600482
600483
600486
600487
600488
600489
600490
600491
600493
600495
600496
600497
600498
600499
600500
600501
600502
600503
600505
600506
600507
600508
600509
600510
600511
600512
600513
600515
600516
600517
600518
600519
600520
600521
600522
600523
600525
600526
600527
600528
600529
600530
600531
600533
600535
600536
600537
600538
600539
600540
600543
600545
600546
600547
600548
600549
600550
600551
600552
600556
600557
600558
600559
600560
600561
600562
600563
600566
600567
600568
600569
600570
600571
600572
600573
600575
600576
600577
600578
600579
600580
600581
600582
600583
600584
600585
600586
600587
600588
600589
600590
600592
600593
600594
600595
600596
600597
600598
600599
600600
600601
600602
600603
600604
600605
600606
600608
600609
600610
600611
600612
600613
600615
600616
600617
600618
600619
600620
600621
600622
600623
600624
600626
600628
600629
600630
600633
600635
600636
600637
600638
600639
600640
600641
600642
600643
600644
600645
600648
600649
600650
600651
600653
600654
600655
600657
600658
600660
600661
600662
600663
600664
600665
600666
600667
600668
600671
600673
600674
600675
600676
600678
600679
600681
600682
600683
600684
600685
600686
600688
600689
600690
600691
600692
600693
600694
600696
600697
600698
600699
600702
600703
600704
600706
600707
600708
600710
600711
600712
600713
600714
600715
600716
600717
600718
600719
600720
600721
600722
600724
600725
600726
600727
600728
600729
600730
600731
600732
600733
600734
600735
600736
600737
600738
600739
600740
600741
600742
600743
600744
600745
600746
600748
600749
600750
600751
600753
600754
600755
600756
600757
600758
600759
600760
600761
600763
600764
600765
600768
600769
600770
600771
600773
600774
600775
600776
600777
600778
600779
600780
600782
600783
600784
600785
600787
600789
600790
600791
600792
600793
600794
600795
600796
600797
600798
600800
600801
600802
600803
600805
600807
600808
600809
600810
600812
600814
600815
600816
600817
600818
600819
600820
600821
600822
600824
600825
600826
600827
600828
600829
600830
600831
600833
600834
600835
600838
600839
600841
600843
600844
600845
600846
600847
600848
600850
600851
600853
600854
600855
600857
600858
600859
600860
600861
600862
600863
600864
600865
600866
600867
600868
600869
600871
600872
600873
600874
600875
600876
600877
600879
600880
600881
600882
600883
600884
600885
600886
600887
600888
600889
600892
600893
600894
600895
600897
600900
600901
600903
600905
600906
600908
600909
600916
600917
600918
600919
600925
600926
600927
600928
600929
600930
600933
600935
600936
600938
600939
600941
600955
600956
600958
600959
600960
600961
600962
600963
600965
600966
600967
600968
600969
600970
600971
600973
600975
600976
600977
600979
600980
600981
600982
600983
600984
600985
600986
600987
600988
600989
600990
600992
600993
600995
600996
600997
600998
600999
601000
601001
601002
601003
601005
601006
601007
601008
601009
601010
601011
601012
601015
601016
601018
601019
601020
601021
601022
601026
601033
601038
601058
601059
601061
601065
601066
601068
601069
601077
601083
601086
601088
601089
601096
601098
601099
601100
601101
601106
601107
601108
601111
601112
601113
601116
601117
601118
601121
601126
601127
601128
601133
601136
601137
601138
601139
601155
601156
601158
601162
601163
601166
601168
601169
601177
601179
601186
601187
601188
601198
601199
601200
601208
601211
601212
601216
601218
601222
601225
601226
601228
601229
601231
601233
601236
601238
601279
601288
601298
601311
601318
601319
601326
601328
601330
601333
601336
601339
601360
601366
601368
601369
601375
601377
601388
601390
601398
601399
601456
601500
601512
601515
601518
601519
601528
601555
601566
601567
601568
601577
601579
601588
601595
601598
601599
601600
601601
601606
601607
601608
601609
601611
601615
601616
601618
601619
601628
601633
601636
601658
601665
601666
601668
601669
601677
601678
601686
601688
601689
601696
601698
601699
601700
601702
601717
601718
601727
601728
601766
601777
601778
601788
601789
601798
601799
601800
601801
601808
601811
601816
601818
601825
601827
601828
601838
601857
601858
601860
601865
601866
601868
601869
601872
601877
601878
601880
601881
601882
601886
601888
601890
601898
601899
601900
601901
601908
601916
601918
601919
601921
601928
601929
601933
601939
601949
601952
601956
601958
601963
601965
601966
601968
601969
601975
601985
601988
601990
601991
601992
601995
601996
601997
601998
601999
603000
603001
603002
603004
603005
603006
603007
603008
603009
603010
603011
603012
603013
603014
603015
603016
603017
603018
603019
603020
603021
603022
603023
603025
603026
603027
603028
603029
603030
603031
603032
603033
603035
603036
603037
603038
603039
603040
603041
603042
603043
603045
603048
603049
603050
603051
603052
603053
603055
603056
603057
603058
603059
603060
603061
603062
603063
603065
603066
603067
603068
603069
603070
603071
603072
603073
603075
603076
603077
603078
603079
603080
603081
603082
603083
603085
603086
603087
603088
603089
603090
603091
603092
603093
603095
603096
603097
603098
603099
603100
603101
603102
603103
603105
603106
603107
603108
603109
603110
603111
603112
603113
603115
603116
603117
603118
603119
603120
603121
603122
603123
603124
603125
603126
603127
603128
603129
603130
603131
603132
603135
603136
603137
603138
603139
603150
603151
603153
603155
603156
603158
603159
603160
603161
603162
603163
603165
603166
603167
603168
603169
603170
603171
603172
603173
603175
603176
603177
603178
603179
603180
603181
603182
603183
603185
603186
603187
603188
603189
603190
603191
603192
603193
603194
603195
603196
603197
603198
603199
603200
603201
603202
603203
603205
603206
603207
603208
603209
603210
603211
603212
603213
603214
603215
603216
603217
603218
603219
603220
603221
603222
603223
603225
603226
603227
603228
603229
603230
603231
603232
603233
603235
603236
603237
603238
603239
603248
603255
603256
603257
603258
603259
603260
603261
603262
603266
603267
603268
603269
603270
603271
603272
603273
603275
603276
603277
603278
603279
603280
603281
603282
603283
603284
603285
603286
603288
603289
603290
603291
603293
603296
603297
603298
603299
603300
603301
603303
603305
603306
603307
603308
603309
603310
603311
603312
603313
603315
603316
603317
603318
603319
603320
603321
603322
603323
603324
603325
603326
603327
603328
603329
603330
603331
603332
603333
603334
603335
603336
603337
603338
603339
603341
603344
603345
603348
603350
603351
603352
603353
603355
603356
603357
603358
603359
603360
603363
603365
603366
603367
603368
603369
603370
603373
603375
603376
603377
603378
603379
603380
603381
603382
603383
603385
603386
603387
603389
603390
603391
603392
603393
603395
603396
603398
603399
603400
603402
603406
603408
603409
603416
603418
603421
603429
603439
603444
603456
603458
603459
603466
603477
603486
603488
603489
603496
603499
603500
603501
603505
603506
603507
603508
603511
603515
603516
603517
603518
603519
603520
603527
603528
603529
603530
603533
603535
603536
603538
603551
603556
603557
603558
603559
603565
603566
603567
603568
603569
603577
603578
603579
603580
603583
603585
603586
603587
603588
603589
603590
603595
603596
603598
603599
603600
603601
603602
603605
603606
603607
603608
603609
603610
603611
603612
603613
603615
603616
603617
603618
603619
603626
603628
603629
603630
603633
603636
603637
603638
603639
603648
603650
603655
603656
603657
603658
603659
603660
603661
603662
603663
603665
603666
603667
603668
603669
603676
603677
603678
603679
603680
603681
603682
603683
603685
603686
603687
603688
603689
603690
603693
603696
603697
603698
603699
603700
603701
603703
603706
603707
603708
603709
603711
603712
603713
603716
603717
603718
603719
603721
603722
603725
603726
603727
603728
603729
603730
603733
603737
603738
603739
603755
603757
603758
603759
603766
603767
603768
603773
603776
603777
603778
603779
603786
603787
603788
603789
603790
603797
603798
603799
603800
603801
603803
603806
603808
603809
603810
603811
603813
603815
603816
603817
603818
603819
603822
603823
603825
603826
603828
603829
603833
603836
603838
603839
603843
603848
603855
603856
603858
603859
603860
603861
603863
603866
603867
603868
603869
603871
603876
603877
603878
603879
603880
603881
603882
603883
603885
603886
603887
603888
603889
603890
603893
603895
603896
603897
603898
603899
603900
603901
603903
603906
603908
603909
603912
603915
603916
603917
603918
603919
603920
603922
603926
603927
603928
603929
603931
603933
603936
603937
603938
603939
603948
603949
603950
603955
603956
603958
603959
603960
603966
603967
603968
603969
603970
603976
603977
603978
603979
603980
603982
603983
603985
603986
603987
603988
603989
603990
603991
603992
603993
603995
603997
603998
603999
605001
605003
605005
605006
605007
605008
605009
605011
605016
605018
605020
605028
605033
605050
605055
605056
605058
605060
605066
605068
605069
605077
605080
605081
605086
605088
605089
605090
605098
605099
605100
605108
605111
605116
605117
605118
605122
605123
605128
605133
605136
605138
605151
605155
605158
605162
605166
605167
605168
605169
605177
605178
605179
605180
605183
605186
605188
605189
605196
605198
605199
605208
605218
605222
605228
605255
605258
605259
605266
605268
605277
605286
605287
605288
605289
605296
605298
605299
605300
605303
605305
605318
605319
605333
605336
605337
605338
605339
605358
605365
605366
605368
605369
605376
605377
605378
605388
605389
605398
605399
605488
605499
605500
605507
605555
605566
605567
605577
605580
605588
605589
605598
605599
688001
688002
688003
688004
688005
688006
688007
688008
688009
688010
688011
688012
688013
688015
688016
688017
688018
688019
688020
688021
688022
688023
688025
688026
688027
688028
688029
688030
688031
688032
688033
688035
688036
688037
688038
688039
688041
688045
688046
688047
688048
688049
688050
688051
688052
688053
688055
688056
688057
688058
688059
688060
688061
688062
688063
688065
688066
688067
688068
688069
688070
688071
688072
688073
688075
688076
688077
688078
688079
688080
688081
688082
688083
688084
688085
688087
688088
688089
688090
688091
688092
688093
688095
688096
688097
688098
688099
688100
688101
688102
688103
688105
688106
688107
688108
688109
688110
688111
688112
688113
688114
688115
688116
688117
688118
688119
688120
688121
688122
688123
688125
688126
688127
688128
688129
688130
688131
688132
688133
688135
688136
688137
688138
688139
688141
688143
688146
688147
688148
688150
688151
688152
688153
688155
688156
688157
688158
688159
688160
688161
688162
688163
688165
688166
688167
688168
688169
688170
688171
688172
688173
688175
688176
688177
688178
688179
688180
688181
688182
688183
688184
688185
688186
688187
688188
688189
688190
688191
688192
688193
688195
688196
688197
688198
688199
688200
688201
688202
688203
688205
688206
688207
688208
688209
688210
688211
688212
688213
688215
688216
688217
688218
688219
688220
688221
688222
688223
688225
688226
688227
688228
688229
688230
688231
688232
688233
688234
688235
688236
688237
688238
688239
688244
688246
688247
688248
688249
688251
688252
688253
688255
688256
688257
688258
688259
688260
688261
688262
688265
688266
688267
688268
688269
688270
688271
688272
688273
688275
688276
688277
688278
688279
688280
688281
688282
688283
688285
688286
688287
688288
688289
688290
688291
688292
688293
688295
688296
688297
688298
688299
688300
688301
688302
688303
688305
688306
688307
688308
688309
688310
688311
688312
688313
688314
688315
688316
688317
688318
688319
688320
688321
688322
688323
688325
688326
688327
688328
688329
688330
688331
688332
688333
688334
688335
688336
688337
688338
688339
688343
688345
688347
688348
688349
688350
688351
688352
688353
688355
688356
688357
688358
688359
688360
688361
688362
688363
688365
688366
688367
688368
688369
688370
688371
688372
688373
688375
688376
688377
688378
688379
688380
688381
688382
688383
688385
688386
688387
688388
688389
688390
688391
688392
688393
688395
688396
688398
688399
688400
688401
688403
688408
688409
688410
688411
688416
688418
688419
688420
688425
688426
688428
688429
688432
688433
688435
688439
688443
688448
688449
688450
688455
688456
688458
688459
688466
688468
688469
688472
688475
688478
688479
688480
688484
688485
688486
688488
688489
688496
688498
688499
688500
688501
688502
688503
688505
688506
688507
688508
688509
688510
688511
688512
688513
688515
688516
688517
688518
688519
688520
688521
688522
688523
688525
688526
688528
688529
688530
688531
688533
688535
688536
688538
688539
688543
688545
688548
688549
688550
688551
688552
688553
688556
688557
688558
688559
688560
688561
688562
688563
688565
688566
688567
688568
688569
688570
688571
688573
688575
688576
688577
688578
688579
688580
688581
688582
688583
688584
688585
688586
688588
688589
688590
688591
688592
688593
688595
688596
688597
688598
688599
688600
688601
688602
688603
688605
688606
688607
688608
688609
688610
688611
688612
688613
688615
688616
688617
688618
688619
688620
688621
688622
688623
688625
688626
688627
688628
688629
688630
688631
688633
688636
688638
688639
688646
688648
688651
688652
688653
688655
688656
688657
688658
688659
688660
688661
688662
688663
688665
688667
688668
688669
688670
688671
688676
688677
688678
688679
688680
688681
688682
688683
688685
688686
688687
688689
688690
688691
688692
688693
688695
688696
688697
688698
688699
688700
688701
688702
688707
688708
688709
688710
688711
688712
688716
688717
688718
688719
688720
688721
688722
688726
688727
688728
688729
688733
688737
688739
688750
688755
688757
688758
688759
688765
688766
688767
688768
688772
688775
688776
688777
688778
688779
688781
688783
688785
688786
688787
688788
688789
688790
688793
688795
688796
688798
688799
688800
688802
688805
688807
688808
688809
688811
688813
688816
688818
688819
688820
688981
689009
880001
880002
880003
880004
880005
880006
880007
880008
880009
880011
880012
880013
880014
880015
880016
880017
880018
880019
880031
880032
880033
880034
880035
880036
880037
880038
880039
880041
880042
880043
880044
880045
880046
880047
880048
880049
880071
880073
880074
880075
880076
880077
880078
880079
880081
880082
880096
880097
880098
880099
880201
880202
880203
880204
880205
880206
880207
880208
880209
880210
880211
880212
880213
880214
880215
880216
880217
880218
880219
880220
880221
880222
880223
880224
880225
880226
880227
880228
880229
880230
880231
880232
880301
880302
880303
880305
880306
880307
880308
880310
880311
880312
880313
880318
880319
880320
880321
880324
880325
880326
880327
880328
880329
880330
880335
880336
880337
880338
880339
880340
880344
880345
880346
880347
880348
880350
880351
880355
880360
880361
880362
880363
880364
880366
880367
880368
880369
880372
880373
880374
880375
880380
880381
880382
880383
880387
880390
880391
880392
880393
880394
880398
880399
880400
880401
880402
880403
880406
880407
880408
880409
880410
880411
880412
880413
880414
880418
880419
880420
880421
880422
880423
880424
880425
880426
880430
880431
880432
880437
880438
880439
880440
880441
880442
880443
880444
880445
880446
880447
880448
880452
880453
880454
880455
880456
880459
880460
880461
880462
880463
880464
880465
880466
880467
880468
880471
880472
880473
880474
880476
880477
880478
880482
880483
880484
880485
880486
880489
880490
880491
880492
880493
880494
880497
880501
880502
880505
880506
880507
880513
880515
880516
880519
880520
880521
880522
880523
880524
880525
880526
880527
880528
880529
880530
880531
880532
880533
880534
880535
880536
880537
880538
880539
880540
880541
880542
880543
880544
880545
880546
880547
880548
880549
880550
880551
880552
880553
880554
880555
880556
880557
880558
880559
880560
880561
880562
880563
880564
880565
880566
880567
880568
880569
880570
880571
880572
880573
880574
880575
880576
880577
880578
880579
880580
880581
880582
880583
880584
880585
880586
880587
880589
880590
880591
880592
880593
880594
880596
880597
880598
880599
880601
880602
880603
880604
880605
880606
880607
880608
880609
880610
880611
880612
880613
880614
880615
880616
880617
880618
880619
880620
880621
880622
880623
880624
880625
880626
880627
880628
880629
880630
880631
880632
880633
880634
880635
880636
880637
880638
880639
880640
880641
880642
880643
880644
880645
880646
880647
880648
880649
880650
880651
880652
880653
880654
880655
880656
880657
880658
880659
880660
880661
880662
880664
880665
880666
880667
880668
880669
880670
880671
880672
880673
880674
880675
880676
880677
880678
880679
880680
880681
880682
880683
880684
880685
880686
880687
880688
880689
880690
880691
880692
880693
880694
880695
880696
880697
880698
880699
880701
880702
880703
880704
880705
880706
880707
880708
880709
880710
880711
880712
880713
880714
880715
880716
880717
880718
880719
880720
880721
880722
880723
880724
880725
880726
880727
880728
880729
880730
880731
880732
880733
880734
880735
880736
880737
880738
880739
880740
880741
880742
880743
880744
880745
880746
880747
880748
880749
880750
880751
880752
880753
880754
880755
880756
880757
880758
880759
880760
880761
880762
880763
880764
880765
880766
880767
880769
880770
880771
880774
880778
880779
880780
880781
880782
880783
880784
880785
880786
880787
880789
880790
880791
880792
880793
880794
880795
880796
880797
880798
880799
880801
880802
880803
880804
880805
880806
880807
880808
880809
880812
880813
880814
880815
880816
880817
880818
880821
880822
880823
880824
880825
880826
880827
880829
880833
880834
880835
880836
880837
880842
880843
880844
880845
880846
880847
880848
880849
880850
880851
880852
880853
880854
880856
880857
880858
880859
880860
880861
880863
880864
880865
880866
880867
880868
880869
880870
880871
880872
880873
880874
880875
880876
880877
880878
880879
880880
880881
880882
880883
880884
880885
880886
880887
880889
880890
880891
880892
880893
880894
880895
880896
880897
880898
880899
880901
880902
880903
880904
880905
880906
880908
880909
880910
880911
880912
880913
880914
880915
880916
880919
880920
880921
880922
880923
880926
880929
880930
880933
880936
880939
880940
880941
880942
880943
880944
880945
880946
880947
880948
880949
880950
880951
880952
880953
880954
880955
880956
880957
880958
880959
880960
880961
880962
880963
880964
880965
880966
880967
880968
880969
880970
880971
880972
880973
880974
880975
880977
880978
880979
880981
880982
880983
880984
880985
880986
880987
880988
880989
880990
880991
880992
880993
881001
881002
881003
881004
881005
881006
881007
881008
881009
881010
881011
881012
881013
881014
881015
881016
881017
881018
881019
881020
881021
881022
881023
881024
881025
881026
881027
881028
881029
881030
881031
881032
881033
881034
881035
881036
881037
881038
881039
881040
881041
881042
881043
881044
881045
881046
881047
881048
881049
881050
881051
881052
881053
881054
881055
881056
881057
881058
881059
881060
881061
881062
881063
881064
881065
881066
881067
881068
881069
881070
881071
881072
881073
881074
881075
881076
881077
881078
881079
881081
881082
881083
881084
881085
881086
881087
881088
881089
881090
881091
881092
881093
881094
881095
881096
881097
881098
881099
881100
881101
881102
881103
881104
881105
881106
881107
881108
881109
881110
881111
881112
881113
881114
881115
881116
881117
881118
881119
881120
881121
881122
881123
881124
881125
881126
881127
881129
881130
881131
881132
881133
881134
881135
881136
881137
881138
881139
881140
881141
881142
881143
881144
881145
881146
881147
881148
881149
881150
881151
881152
881153
881154
881155
881157
881158
881159
881160
881161
881162
881163
881165
881166
881167
881168
881169
881170
881171
881172
881173
881174
881175
881176
881177
881178
881179
881180
881181
881182
881183
881184
881185
881186
881187
881188
881189
881190
881191
881192
881193
881194
881195
881196
881198
881199
881200
881201
881202
881203
881204
881205
881206
881207
881208
881209
881210
881211
881212
881213
881214
881215
881216
881217
881218
881219
881220
881221
881222
881223
881224
881225
881226
881227
881228
881229
881230
881231
881232
881233
881234
881235
881236
881237
881238
881239
881240
881241
881242
881243
881244
881245
881246
881247
881248
881249
881250
881251
881252
881253
881254
881256
881257
881258
881260
881261
881262
881263
881264
881265
881266
881267
881268
881269
881270
881271
881272
881273
881275
881276
881277
881278
881279
881280
881281
881282
881283
881284
881285
881286
881287
881288
881289
881290
881291
881292
881293
881294
881295
881296
881297
881298
881299
881300
881301
881302
881303
881304
881305
881306
881307
881308
881309
881310
881311
881312
881313
881314
881315
881316
881317
881318
881319
881320
881321
881322
881323
881324
881325
881326
881327
881328
881329
881330
881331
881332
881333
881334
881335
881336
881337
881338
881339
881340
881341
881342
881343
881344
881345
881346
881347
881348
881349
881350
881351
881352
881353
881354
881355
881356
881357
881358
881359
881360
881361
881362
881363
881364
881365
881366
881367
881368
881369
881370
881371
881372
881373
881374
881375
881376
881377
881378
881380
881381
881382
881383
881384
881385
881386
881387
881388
881389
881390
881391
881393
881394
881395
881396
881397
881398
881399
881400
881401
881402
881404
881405
881406
881407
881408
881409
881410
881411
881412
881413
881414
881415
881416
881417
881418
881419
881420
881421
881422
881423
881424
881426
881427
881428
881429
881430
881431
881432
881433
881434
881435
881436
881437
881438
881439
881440
881441
881442
881443
881444
881445
881446
881447
881448
881449
881450
881451
881452
881453
881454
881455
881456
881457
881458
881459
881460
881461
881462
881463
881464
881465
881466
881467
881468
881469
881470
881471
881472
881473
881474
881475
881476
881477
881478
900901
900902
900903
900904
900905
900906
900908
900909
900910
900911
900912
900913
900914
900915
900916
900917
900918
900920
900921
900922
900923
900924
900925
900926
900927
900928
900929
900932
900934
900936
900937
900938
900939
900940
900941
900942
900943
900945
900946
900947
900948
999997
999998
999999
